A1=[0 1; -1 0]
A2=0.25*[3 1;-2 1]
A3=0.25*[2 4; -1 -2]
A4=0.25*[6 4;-1 2] 