C=[1 -3 4;
    3 -3 4;
    1 -1 4;
    3 -1 4;
    1 -3 6;
    3 -3 6;
    1 -1 6;
    3 -1 6]'


