A=[25    30    24   -17    61   -12;
    41   -10    64    76    44    -1;
    57   -50   104   170    29    13;
   -48   120  -120  -280    49   -36;
   162  -220   328   619     7    60]